userId,factor_0,factor_1,factor_2
1,0.8053716294280826,0.09355007700318875,0.10107829356872865
2,0.8031892292988649,0.08261876767947308,0.11419200302166194
3,0.7893467479005412,0.09407314234494257,0.11658010975451617
4,0.7959273482465369,0.08991918066215199,0.1141534710913111
5,0.8100486709413002,0.08706870287860265,0.10288262618009726
6,0.8078041373150536,0.09830878029666763,0.09388708238827884
7,0.7960083633498045,0.08306540030521437,0.12092623634498101
8,0.7992840893851023,0.08405478217743764,0.11666112843746014
9,0.8137004260749305,0.08541409361874547,0.100885480306324
10,0.8096797218869105,0.08624870100666868,0.10407157710642093
11,0.7776040406665035,0.0706659170886291,0.15173004224486736
12,0.8051340905164209,0.09620793094281996,0.09865797854075911
13,0.8020214788175168,0.09439400450583883,0.10358451667664442
14,0.8050066373546012,0.07932237035327772,0.11567099229212105
15,0.809931871857485,0.09400943175465146,0.09605869638786348
16,0.8034450406348733,0.10484060786301752,0.09171435150210915
17,0.8118836301097642,0.08621688773717118,0.10189948215306484
18,0.8160855094939662,0.08884827323554949,0.09506621727048441
19,0.8106054738151492,0.08564437464757299,0.10375015153727787
20,0.8050983156776151,0.06827088245664528,0.12663080186573963
21,0.7441064021809102,0.1569040496821013,0.0989895481369885
22,0.8091314416397047,0.0871606524960568,0.10370790586423839
23,0.7944187327164546,0.08710327888394945,0.11847798839959606
24,0.8091940690346202,0.08624697937564434,0.10455895158973555
25,0.800115864757935,0.091838079206891,0.10804605603517416
26,0.8049922102827708,0.06885807303944982,0.1261497166777795
27,0.7981579628440691,0.05772001898575161,0.14412201817017925
28,0.7953430493781519,0.08045401001955146,0.1242029406022966
29,0.7990672979938457,0.10089100379423403,0.10004169821192013
30,0.7797958677188505,0.10103911696109195,0.1191650153200576
31,0.8034739578020835,0.0926082737864295,0.10391776841148699
32,0.7988601432356344,0.08365570930717883,0.1174841474571868
33,0.7971817749057281,0.08240207585947204,0.12041614923479987
34,0.8040732291776356,0.0930894549280857,0.10283731589427893
35,0.7909430940459449,0.07879753295071124,0.13025937300334392
36,0.8100046793921734,0.08017323819841125,0.10982208240941549
37,0.810622251638776,0.1109690249528854,0.07840872340833864
38,0.7970704120872479,0.08569245010561215,0.11723713780713987
39,0.8145468424888034,0.07878300697498884,0.10667015053620789
40,0.8083315434820553,0.09287183140112365,0.09879662511682094
41,0.7695751612086323,0.14680582951346513,0.0836190092779025
42,0.8059820551753651,0.08239983425773273,0.11161811056690202
43,0.8013605074556485,0.09802680041641643,0.1006126921279351
44,0.8114711083287329,0.09340670909627792,0.0951221825749893
45,0.7975975515208196,0.08040388785625631,0.12199856062292419
46,0.7714639107489379,0.09336222650870514,0.1351738627423569
47,0.8038755483062685,0.08881693342410597,0.10730751826962542
48,0.8073735318453182,0.07957640256506975,0.11305006558961186
49,0.8043626512988492,0.07798564422943137,0.11765170447171946
50,0.7953667957941711,0.08304350574100057,0.12158969846482835
51,0.8137375710264054,0.10495311600390553,0.08130931296968913
52,0.8070012027402858,0.08723025980292276,0.1057685374567913
53,0.8100325162791616,0.07606608593766728,0.11390139778317106
54,0.7798778670748792,0.07784745414600283,0.14227467877911804
55,0.8012612580764842,0.10190219161027975,0.09683655031323607
56,0.8182275427806085,0.08078807426786887,0.10098438295152255
57,0.7806877494657253,0.11413901261570665,0.10517323791856815
58,0.8108359205009839,0.08082058939273468,0.10834349010628146
59,0.8082813818796537,0.08627087594039749,0.1054477421799489
60,0.8043927660122977,0.10609349996569577,0.08951373402200648
61,0.80599818895001,0.07295468621153404,0.121047124838456
62,0.8154013514239719,0.08501407773122989,0.09958457084479821
63,0.8100142202175454,0.09472415252964747,0.09526162725280726
64,0.8075559520574491,0.092169837584215,0.10027421035833582
65,0.8099890508078125,0.08349021106289149,0.1065207381292959
66,0.7693801320808425,0.07454303101401114,0.15607683690514615
67,0.8114374259428964,0.06608160681496045,0.12248096724214316
68,0.8128957769376929,0.09538278440139096,0.0917214386609163
69,0.8102654336647414,0.07429034572897683,0.11544422060628166
70,0.8113640100122521,0.08752443824120328,0.1011115517465446
71,0.797351737779038,0.09801377051017415,0.10463449171078798
72,0.8041970131507322,0.0743375041972693,0.12146548265199843
73,0.8083509068231696,0.08816510035005136,0.103483992826779
74,0.7926921307870661,0.05690396093531536,0.15040390827761854
75,0.8021851292950745,0.08853634578449714,0.1092785249204285
76,0.8152578052281428,0.07180630812848841,0.11293588664336865
77,0.806908873123925,0.11591613619333715,0.07717499068273798
78,0.798064872810983,0.08635025425768113,0.11558487293133583
79,0.8060749443371988,0.06899177396509396,0.12493328169770726
80,0.8001454792352931,0.07499496239538167,0.1248595583693253
81,0.7960568278809768,0.0691091422575023,0.13483402986152085
82,0.8021674544419182,0.08433388776413805,0.11349865779394368
83,0.8015901300588814,0.09821956862165078,0.10019030131946795
84,0.8049313139840151,0.08331382542688966,0.11175486058909528
85,0.7436765875731685,0.08718686918711346,0.16913654323971813
86,0.7992091560404656,0.07741657891632175,0.12337426504321258
87,0.7135532389619145,0.09976376879637422,0.1866829922417111
88,0.8041298697768546,0.08051433802752604,0.1153557921956194
89,0.7859045597140087,0.090729371306007,0.12336606897998421
90,0.7954917683821492,0.07530217392086497,0.12920605769698573
91,0.7922118139278191,0.09491987464999992,0.11286831142218114
92,0.8039399301556501,0.09199368143495135,0.10406638840939868
93,0.7992766558159697,0.08402417812132335,0.116699166062707
94,0.8064762895285107,0.08933849340033245,0.10418521707115685
95,0.784142159141822,0.10847686575667619,0.10738097510150192
96,0.8005443907717913,0.09173423277796283,0.10772137645024595
97,0.8112893335961163,0.0814563924789019,0.10725427392498173
98,0.7870420540105227,0.0826494102939633,0.13030853569551404
99,0.7950256794445102,0.0955564908704507,0.10941782968503916
100,0.8092142432702448,0.09694388849838584,0.09384186823136934
101,0.797975633128397,0.08897519295654038,0.11304917391506257
102,0.7846111290969513,0.06307287123273933,0.1523159996703095
103,0.8041138646103396,0.08694668032643538,0.10893945506322497
104,0.8008657075143764,0.09800139746149994,0.1011328950241237
105,0.7866137767377803,0.09479928237355853,0.1185869408886612
106,0.8005748922094915,0.09681663158194106,0.10260847620856742
107,0.801439071115543,0.09299074196140654,0.10557018692305063
108,0.7887049875336467,0.07756672979147436,0.13372828267487888
109,0.797860994748765,0.09086100638678445,0.11127799886445067
110,0.8101327644867166,0.07881084227907041,0.11105639323421305
111,0.7975792390231127,0.07132542601279923,0.13109533496408796
112,0.807978439481127,0.07760435706015349,0.11441720345871946
113,0.795530528064316,0.09251626276336816,0.11195320917231588
114,0.7959669645716568,0.0875017390097203,0.11653129641862292
115,0.8079289114220247,0.0965428852476941,0.09552820333028114
116,0.8033190796453137,0.09047514938730694,0.10620577096737933
117,0.795205052939126,0.09956991971388925,0.10522502734698479
118,0.8040718622437981,0.08040584854954873,0.1155222892066531
119,0.8075799248880982,0.08088028844938819,0.11153978666251375
120,0.803741330736241,0.10295305937449716,0.09330560988926169
121,0.8073429289151087,0.07230057469301489,0.12035649639187629
122,0.8145009095367927,0.08262555311179846,0.10287353735140883
123,0.8033809671681854,0.08118552846763329,0.11543350436418114
124,0.8111615773045571,0.07960147769286899,0.10923694500257397
125,0.7958510937605103,0.08315306977993366,0.12099583645955596
126,0.7975938503860636,0.09463248575494568,0.10777366385899081
127,0.7997557689930059,0.07993786612821711,0.12030636487877687
128,0.8084418195868719,0.09990611821261046,0.09165206220051758
129,0.8027791667699747,0.08269847238049555,0.11452236084952974
130,0.7985411740442039,0.09313924887639495,0.10831957707940129
131,0.8106107573873509,0.0744784089185443,0.11491083369410494
132,0.8035966428294088,0.09573097619596943,0.1006723809746218
133,0.8154609380070271,0.08384956255365832,0.10068949943931466
134,0.8144684428387485,0.09961288590225649,0.08591867125899498
135,0.805668118319836,0.1108154274670916,0.08351645421307238
136,0.8033707973411448,0.08459711682292807,0.11203208583592697
137,0.7998676432298283,0.09443043913562676,0.10570191763454498
138,0.8161339012431765,0.08373627692615879,0.10012982183066463
139,0.806245705046046,0.08162132046819207,0.1121329744857619
140,0.8087031679326853,0.08491738605062356,0.1063794460166911
141,0.7922750179753156,0.07773996929079167,0.12998501273389257
142,0.7994598984258474,0.10951870397987401,0.0910213975942786
143,0.788971250468959,0.07465302794582851,0.13637572158521258
144,0.7790278261383569,0.0958004452274264,0.12517172863421674
145,0.770863314115435,0.07558935228095591,0.1535473336036092
146,0.8133414901169291,0.07264118840938587,0.1140173214736851
147,0.8025796930450403,0.08768474158979533,0.1097355653651643
148,0.8043519631185155,0.08280245120866261,0.1128455856728219
149,0.7993853052359479,0.0867842065393915,0.11383048822466066
150,0.8108775055300069,0.08374103493815933,0.1053814595318337
151,0.8047847542418356,0.07060851971445892,0.12460672604370542
152,0.8077626927009197,0.09343975468401174,0.09879755261506848
153,0.803885805129684,0.05583529154661011,0.14027890332370588
154,0.805350411935304,0.0751899398498469,0.11945964821484896
155,0.7952523946066906,0.06051228568832121,0.14423531970498812
156,0.8117185110140558,0.09349815903260399,0.0947833299533402
157,0.8102102843916934,0.07366191733895872,0.11612779826934783
158,0.8040991069089501,0.08047823838314015,0.1154226547079097
159,0.807866131344683,0.07803482090592687,0.11409904774939018
160,0.809624352126262,0.09776256502287146,0.09261308285086646
161,0.8119505216178112,0.07475572556989499,0.11329375281229367
162,0.8120928077344496,0.07837117335646512,0.10953601890908535
163,0.8010714068700712,0.07775919399458328,0.12116939913534562
164,0.8016633525491638,0.09742802756436315,0.10090861988647294
165,0.7983471514716706,0.08286542062436689,0.11878742790396261
166,0.8112334441018905,0.08440974227557287,0.1043568136225368
167,0.7951156679776551,0.12166697183119804,0.08321736019114696
168,0.7973789568843666,0.09058035297804189,0.11204069013759171
169,0.8032095059058028,0.09751862530143807,0.0992718687927591
170,0.792907249189207,0.0948816779301201,0.1122110728806729
171,0.8060277121790105,0.09817731911994072,0.09579496870104881
172,0.8139350156159987,0.06791273079132534,0.11815225359267591
173,0.8047708463881446,0.0859266421623569,0.10930251144949846
174,0.7673325594043029,0.07871265040138943,0.1539547901943076
175,0.8097397217557907,0.08764262089749135,0.10261765734671807
176,0.7941407925130436,0.0845009591550056,0.12135824833195091
177,0.7937549859885868,0.07962681494269723,0.12661819906871602
178,0.8086452962140432,0.09341922187765281,0.09793548190830396
179,0.7986696364488151,0.07550200401526361,0.12582835953592145
180,0.8089920281172184,0.0673526213595329,0.12365535052324866
181,0.7901447793096134,0.06888366967502975,0.14097155101535688
182,0.809167219752655,0.08345488113601283,0.10737789911133226
183,0.818581915417558,0.07838516906353689,0.10303291551890503
184,0.8060310680972531,0.10335233248240991,0.09061659942033695
185,0.8065828498291209,0.082672370830365,0.11074477934051417
186,0.7987317780370295,0.08335350406198787,0.11791471790098253
187,0.8099382822978637,0.07751790274997544,0.11254381495216088
188,0.8132751507030838,0.07060783873222566,0.11611701056469056
189,0.80872139321311,0.07881692911698328,0.11246167766990693
190,0.7948191702158137,0.09798735976086592,0.1071934700233202
191,0.8089086255639514,0.08568984997450138,0.10540152446154721
192,0.8031728719165108,0.07619698411033923,0.12063014397315007
193,0.8027965987386981,0.08916712736878521,0.10803627389251665
194,0.8091182830007169,0.09448660118497214,0.09639511581431105
195,0.8095409428068485,0.07719937656706138,0.11325968062609013
196,0.816282658504624,0.08091631383409707,0.10280102766127892
197,0.8084478666374445,0.08635756477821607,0.10519456858433951
198,0.8031016486291596,0.09640753264061801,0.10049081873022261
199,0.7981928773346951,0.08211009065840412,0.11969703200690085
200,0.8060326186925664,0.07601163695204353,0.11795574435539018
201,0.8058470501644243,0.07570127376205785,0.11845167607351782
202,0.8063610814479012,0.08108166883158689,0.11255724972051179
203,0.790235102140877,0.0642663934090058,0.1454985044501172
204,0.8027154240129074,0.09260372134618576,0.10468085464090683
205,0.7988790497408096,0.08555134698606691,0.11556960327312349
206,0.7307717317229279,0.09775140126444641,0.17147686701262577
207,0.80754958831562,0.09060090904039127,0.10184950264398882
208,0.8082036090124622,0.09057100762187673,0.10122538336566095
209,0.7965959186342706,0.07876334862890141,0.12464073273682814
210,0.7930499028393283,0.07374422493313847,0.13320587222753338
211,0.7732366885396929,0.11208639629046999,0.11467691516983711
212,0.7981929958889905,0.08574696011708823,0.11606004399392121
213,0.8114719589477553,0.09827332329925387,0.09025471775299083
214,0.8081160439539012,0.09028312129088674,0.10160083475521203
215,0.8062083836488343,0.09373171597053538,0.10005990038063035
216,0.7913673346979875,0.06947646253229678,0.13915620276971585
217,0.8060734448823359,0.08011843588854974,0.11380811922911444
218,0.7900319770182962,0.0849147866506433,0.12505323633106058
219,0.7964036223899481,0.09883970507894807,0.10475667253110395
220,0.8087053253242412,0.09198755786170129,0.09930711681405739
221,0.8010256295253823,0.09658808322111954,0.10238628725349831
222,0.7906769383435518,0.07889707722661375,0.13042598442983436
223,0.7942166532275851,0.09109158704724668,0.11469175972516815
224,0.8039808714957467,0.09499194276708678,0.10102718573716667
225,0.7990930400243403,0.07130690500573447,0.12960005496992508
226,0.8048457742094046,0.07409443206440305,0.1210597937261922
227,0.816959755566585,0.06933046398580067,0.11370978044761426
228,0.8138535635897293,0.09770224427024846,0.0884441921400223
229,0.7973815443726776,0.06973774169454917,0.13288071393277306
230,0.7984802334066363,0.0837785802947327,0.11774118629863103
231,0.8123969610870949,0.08659013216291857,0.10101290674998643
232,0.802715698873309,0.09389524719996384,0.10338905392672705
233,0.8167161768322245,0.10196755051463288,0.08131627265314256
234,0.8001807537341243,0.07132590902386245,0.12849333724201323
235,0.8040902259890961,0.07257000809432335,0.12333976591658066
236,0.7983228393352771,0.09794632189917188,0.10373083876555096
237,0.7978799341604419,0.08224627371913863,0.11987379212041953
238,0.7904486765049317,0.10617602530463303,0.10337529819043542
239,0.8084858616485587,0.09353142518306394,0.09798271316837731
240,0.809899309391049,0.0826954308469514,0.10740525976199958
241,0.7946549665547321,0.08108270372711907,0.12426232971814889
242,0.8039646534353444,0.08776633635940108,0.10826901020525458
243,0.8010933747807871,0.08862323806465383,0.11028338715455885
244,0.7999836358134577,0.062338181708304866,0.1376781824782375
245,0.80758911122662,0.07478492652851779,0.11762596224486202
246,0.8060711392129086,0.09247046762790477,0.10145839315918646
247,0.8062321647843501,0.07192110167877896,0.12184673353687095
248,0.7928547067883202,0.08672343674658621,0.1204218564650935
249,0.8031076124415053,0.09191445373839685,0.1049779338200978
250,0.7981949486709671,0.07974714446888707,0.12205790686014568
251,0.812225655988876,0.09378549064299886,0.09398885336812524
252,0.8003633246824231,0.0830086800511888,0.11662799526638817
253,0.8169273134806663,0.07964050901489605,0.10343217750443773
254,0.8064701997322131,0.08322737348153644,0.11030242678625046
255,0.8029459231874785,0.0847453394182015,0.11230873739432025
256,0.7975196494676734,0.08530134358720809,0.11717900694511864
257,0.7915123747188997,0.08148321705152828,0.12700440822957207
258,0.7971040994878469,0.09281250175284755,0.11008339875930546
259,0.8123102544223156,0.06948117958445543,0.11820856599322883
260,0.8154343849887999,0.09705173711908424,0.08751387789211587
261,0.8087382309956161,0.0842025535735957,0.10705921543078813
262,0.8068226937938304,0.0862361199882142,0.10694118621795543
263,0.8084137643166714,0.09342028040709663,0.09816595527623213
264,0.8077746214633419,0.09213051399293352,0.10009486454372467
265,0.8076692705836518,0.08502336673724885,0.10730736267909934
266,0.8065229675364457,0.09761362196751153,0.09586341049604269
267,0.8046400373176816,0.07977693569567966,0.11558302698663861
268,0.8057231510439046,0.10566257151198709,0.0886142774441083
269,0.8201898188814645,0.07546822629640958,0.104341954822126
270,0.8085947051473649,0.08170065650825097,0.10970463834438425
271,0.8088153143082559,0.07755168645133802,0.11363299924040614
272,0.8117603840895936,0.08583989563247439,0.10239972027793207
273,0.8035682312233272,0.08205892522734871,0.11437284354932412
274,0.8155027198147062,0.07600085397734603,0.10849642620794783
275,0.8002122227721317,0.0782923713301266,0.12149540589774162
276,0.7935304109293241,0.07435748684485649,0.1321121022258195
277,0.8029976532979962,0.08535784169278887,0.11164450500921495
278,0.8083589809191389,0.08371243187985782,0.10792858720100319
279,0.7826377240292014,0.09356736393915163,0.12379491203164697
280,0.8006526735760909,0.09300137346162296,0.10634595296228606
281,0.7936578033942017,0.0697969477307834,0.13654524887501485
282,0.8127563596239592,0.06892502035790954,0.11831862001813119
283,0.7995522535551943,0.09744984413741527,0.1029979023073904
284,0.7978228429217907,0.09174446942622269,0.11043268765198655
285,0.8059851735932302,0.08107785652985047,0.1129369698769194
286,0.809470559706126,0.0754353982834024,0.11509404201047163
287,0.8028805822275895,0.05847052424407774,0.1386488935283328
288,0.7943578949743889,0.09111625837201817,0.11452584665359285
289,0.8049404247631322,0.06341833399661359,0.13164124124025414
290,0.7880874692204707,0.1085511113231902,0.10336141945633916
291,0.7980106112533012,0.10249280581876706,0.09949658292793155
292,0.8088891323294453,0.0762573896181833,0.11485347805237148
293,0.8020317388512187,0.06910831623511149,0.12885994491366976
294,0.8079111583225566,0.08401175847031603,0.1080770832071276
295,0.7836997254919444,0.10427430350835586,0.11202597099969974
296,0.8091519172768947,0.08332960842119605,0.10751847430190921
297,0.8160738911812873,0.07919439765498344,0.1047317111637293
298,0.8059153078190548,0.0852558924373062,0.10882879974363897
299,0.8028359987315319,0.07285231767444479,0.12431168359402346
300,0.8072741299589942,0.08009624850697307,0.11262962153403266
301,0.8076478314236981,0.08490355925789776,0.10744860931840411
302,0.8085018853430868,0.06939154963665488,0.12210656502025836
303,0.8103184826108994,0.11033967465684988,0.07934184273225067
304,0.8110435519680034,0.08767248386404815,0.10128396416794853
305,0.7804867826980078,0.12476450995672544,0.09474870734526683
306,0.8019481709334639,0.08161253957335154,0.11643928949318441
307,0.8035818776576727,0.08602136540748327,0.11039675693484398
308,0.8108518924250482,0.08072672094177988,0.1084213866331719
309,0.8065525186723681,0.07978809257883755,0.11365938874879437
310,0.8092918008920992,0.07843083408701051,0.1122773650208903
311,0.8057598624495531,0.07907381182585962,0.11516632572458743
312,0.8036885495838206,0.08189867110064772,0.11441277931553176
313,0.8097383492979578,0.07789764127314064,0.11236400942890144
314,0.8067506416922079,0.07646101386682178,0.11678834444097021
315,0.7960150949622594,0.08635313563991007,0.11763176939783049
316,0.8032579478745318,0.08373597926346939,0.11300607286199886
317,0.791352963250801,0.06535796309992166,0.14328907364927734
318,0.8089829225949355,0.08472557610597518,0.10629150129908924
319,0.799227714324479,0.08936658809056512,0.11140569758495594
320,0.790559334074789,0.09276404021375764,0.1166766257114533
321,0.8100750216040352,0.08198917009956642,0.1079358082963983
322,0.7951686200548338,0.1032667213351947,0.10156465860997148
323,0.7763327089227988,0.07000431210933233,0.1536629789678689
324,0.8023772414348076,0.10592663913157775,0.09169611943361476
325,0.8063047139892026,0.0972098692878704,0.09648541672292713
326,0.809035382299103,0.09220394211783767,0.09876067558305925
327,0.8038699034033059,0.06347891365402643,0.13265118294266784
328,0.8047310633275562,0.10901717942481637,0.08625175724762735
329,0.8101460563691235,0.08704699377680095,0.10280694985407547
330,0.8052023824299063,0.09107591186274828,0.10372170570734551
331,0.8191245990899871,0.0896078630833618,0.091267537826651
332,0.8032720622467728,0.10259833126434799,0.09412960648887904
333,0.8102908945796795,0.0697055841590086,0.120003521261312
334,0.8067053118023917,0.09160683060109175,0.10168785759651672
335,0.7799826305322131,0.0691572819147545,0.15086008755303257
336,0.7940649737114541,0.0922226144517686,0.11371241183677723
337,0.8089873763971269,0.08879069994227028,0.10222192366060283
338,0.808440698682456,0.08436396907176319,0.10719533224578086
339,0.8130637270059201,0.07863759059640892,0.10829868239767085
340,0.8097698880922767,0.08408281255115725,0.10614729935656617
341,0.8094461148244316,0.07209655243640661,0.11845733273916184
342,0.8054059089188921,0.07265449300709531,0.12193959807401258
343,0.8107895274738622,0.08754334146552786,0.1016671310606099
344,0.7985758475747925,0.05357627064884476,0.14784788177636263
345,0.7958591980447006,0.06652589564516083,0.13761490631013842
346,0.807466955560049,0.08792838120220027,0.10460466323775079
347,0.8185354152118386,0.09444521169166942,0.08701937309649192
348,0.7981183617116554,0.0929284574700256,0.1089531808183191
349,0.8027521806005011,0.09155554247029894,0.10569227692919995
350,0.8054919181994512,0.09153359496988626,0.10297448683066247
351,0.8142364571167944,0.08783839758390072,0.09792514529930484
352,0.8123370492645743,0.08436180173406527,0.10330114900136048
353,0.7851753634031794,0.07250402887059693,0.14232060772622354
354,0.7989907268762924,0.08620683156945365,0.11480244155425398
355,0.798542041296024,0.08757511083105936,0.11388284787291642
356,0.8012695188821495,0.08717741098410606,0.11155307013374442
357,0.7634116662096158,0.06436549724109025,0.17222283654929396
358,0.8006136043196751,0.10408579459692742,0.09530060108339734
359,0.7912780510467634,0.08659087342392792,0.1221310755293086
360,0.7991830755045286,0.10341873143123893,0.09739819306423252
361,0.810183413503683,0.1002978280092758,0.08951875848704116
362,0.8101334025792415,0.08680416575704526,0.10306243166371319
363,0.8025461419890013,0.0844824917527528,0.11297136625824569
364,0.8039101812018496,0.08915354565728859,0.10693627314086185
365,0.8218437576046682,0.08118245063238179,0.09697379176295015
366,0.8051600574333253,0.07865139506720004,0.11618854749947456
367,0.807990462422202,0.08421541457468734,0.10779412300311085
368,0.7925825966019991,0.06286512529018598,0.14455227810781487
369,0.804250098755991,0.08119013810095398,0.114559763143055
370,0.8083275510268627,0.10762851840443324,0.08404393056870404
371,0.8130951693859647,0.06934277666590248,0.11756205394813293
372,0.8002461161529573,0.08197926020886982,0.11777462363817282
373,0.7975355021407478,0.07856827956778936,0.12389621829146281
374,0.804006755533878,0.10165978229790637,0.09433346216821571
375,0.7958261569351784,0.09315693782165847,0.11101690524316318
376,0.8042467855243182,0.08036591520978781,0.11538729926589407
377,0.8106089220056442,0.08979923068411343,0.09959184731024248
378,0.8140742763118107,0.08522609524825674,0.10069962843993253
379,0.7981119274610827,0.11104813229549687,0.09083994024342046
380,0.8118408799983714,0.08848926519758953,0.09966985480403902
381,0.7964069048101504,0.08357653907500473,0.12001655611484485
382,0.8151894823074589,0.07157733076359415,0.11323318692894688
383,0.8127370852942822,0.07267898560168126,0.11458392910403661
384,0.7805852639937434,0.06893020488925843,0.15048453111699825
385,0.802620453215798,0.09880835381765868,0.0985711929665433
386,0.7995453285726852,0.05586086126711519,0.14459381016019957
387,0.8083157907031918,0.09910519979259012,0.09257900950421803
388,0.8097736834114349,0.0890090330037484,0.10121728358481667
389,0.7899376529953362,0.10716260292033127,0.10289974408433257
390,0.8175372269395798,0.08318839217390021,0.0992743808865202
391,0.8045320809570143,0.08543573565773371,0.11003218338525207
392,0.8106485406207815,0.08123256015347212,0.10811889922574652
393,0.788548997675882,0.07510422532727065,0.13634677699684727
394,0.7970823702148896,0.10492305443311405,0.09799457535199625
395,0.7893236531786288,0.1200981701477351,0.090578176673636
396,0.8112766328813983,0.07924177604669567,0.10948159107190607
397,0.7954473578746502,0.09355022179370966,0.11100242033164036
398,0.8101572194168076,0.07130252121089709,0.11854025937229527
399,0.7992773762780044,0.10203545848998288,0.0986871652320127
400,0.8082789310649534,0.0983651795720466,0.09335588936299993
401,0.8056127479008248,0.07966753230880015,0.11471971979037505
402,0.8088635076887015,0.08588052618913608,0.10525596612216225
403,0.7998496955156762,0.06567042093416722,0.1344798835501566
404,0.801638429375607,0.08720833828557768,0.11115323233881538
405,0.7878427190943406,0.06894131849087554,0.1432159624147839
406,0.8041303136629298,0.1002394407825436,0.0956302455545267
407,0.7986091895307971,0.05832566947035489,0.14306514099884798
408,0.8157046459110174,0.07537626613101171,0.10891908795797087
409,0.7995147467063971,0.0784471110232725,0.12203814227033045
410,0.8028630149946956,0.09373354066676153,0.10340344433854294
411,0.8070677748679617,0.08626682002522089,0.10666540510681748
412,0.8078163089669287,0.08161577206688729,0.11056791896618404
413,0.8050668426309674,0.09757981351902807,0.0973533438500045
414,0.7883799508065797,0.10367477179628729,0.10794527739713292
415,0.8110917779381095,0.08030007224644137,0.10860814981544906
416,0.811989553780206,0.08446608103084649,0.10354436518894754
417,0.786197269521512,0.09163151273130556,0.12217121774718247
418,0.8110434304769343,0.08301499048653507,0.10594157903653077
419,0.7971257258137748,0.09458421524013647,0.10829005894608877
420,0.7942083683859779,0.089650080256276,0.11614155135774605
421,0.7834917315801945,0.1109797101835613,0.10552855823624424
422,0.8066859102603728,0.08416130841761228,0.10915278132201499
423,0.7422976531342629,0.11155056319697446,0.14615178366876275
424,0.8107140152554191,0.0826792309487592,0.10660675379582174
425,0.8007924003701046,0.07159359584012279,0.12761400378977264
426,0.805511427813144,0.08974563874854873,0.10474293343830732
427,0.789510908677253,0.0928080302154973,0.11768106110724964
428,0.8013482585591347,0.10528102140179361,0.09337072003907147
429,0.8029688375404881,0.06617268792177437,0.13085847453773755
430,0.8173057486384273,0.07947565575924938,0.10321859560232324
431,0.7994925070224657,0.06599805548709202,0.13450943749044236
432,0.7913609395392904,0.06671373918564548,0.14192532127506405
433,0.8079894103289197,0.09084280412411665,0.10116778554696375
434,0.8046172985210417,0.09311807558440567,0.10226462589455274
435,0.8016159989881902,0.09588477270704858,0.10249922830476098
436,0.803072183756052,0.10649602094620982,0.09043179529773818
437,0.8098272740497291,0.09502082314933671,0.09515190280093432
438,0.8025697094747773,0.0733788013768802,0.12405148914834242
439,0.8001535618091024,0.10262153980994408,0.09722489838095352
440,0.8100350090117642,0.0790073899327924,0.11095760105544335
441,0.799409364827842,0.0870235191336555,0.11356711603850259
442,0.804490345743018,0.08455177131844482,0.11095788293853706
443,0.7858921159599082,0.11666063976198834,0.0974472442781034
444,0.8028779952728559,0.07672226265623938,0.12039974207090456
445,0.8118415915827932,0.08244694424691314,0.10571146417029359
446,0.8232292478516207,0.08031107573078332,0.09645967641759605
447,0.8120998984639071,0.0981286944410451,0.08977140709504802
448,0.7989824490818683,0.10337184984193991,0.09764570107619175
449,0.780991254507996,0.09520236830621426,0.12380637718578974
450,0.7953737645501053,0.10011485031984027,0.10451138513005451
451,0.8013059421119179,0.08595797601105905,0.1127360818770231
452,0.804306603568754,0.08354146917088884,0.11215192726035715
453,0.8046308187518302,0.0818017507299859,0.11356743051818383
454,0.7882758627360199,0.061143746441950864,0.15058039082202918
455,0.8024335322990235,0.10113170379709488,0.09643476390388155
456,0.8126463530376674,0.1008554897281605,0.08649815723417208
457,0.8042699288199957,0.10006248689673455,0.09566758428326974
458,0.8066640487492477,0.07352964246459007,0.11980630878616222
459,0.8174706696510897,0.09737776682932957,0.08515156351958073
460,0.7901668077484594,0.08361022239303192,0.12622296985850856
461,0.8109404668017388,0.08508355220509528,0.10397598099316592
462,0.8017845793581193,0.07694058102372381,0.12127483961815676
463,0.8075881607475894,0.0689277690738895,0.12348407017852116
464,0.8090048612988097,0.07327828277887757,0.11771685592231276
465,0.776149680808294,0.05623405145110673,0.1676162677405992
466,0.8128326496594408,0.0805571724400958,0.10661017790046352
467,0.7994537804982514,0.06278638796438804,0.13775983153736052
468,0.8156353668545803,0.05402725543120207,0.13033737771421755
469,0.8032128357618664,0.070254126828758,0.12653303740937566
470,0.8063206776065465,0.09502841268050156,0.09865090971295198
471,0.8114599092416519,0.07228683190367066,0.11625325885467762
472,0.7909641320149491,0.07319316198985064,0.13584270599520024
473,0.8136315270954037,0.09229598370796813,0.0940724891966282
474,0.8152188287437812,0.08532863689422114,0.09945253436199768
475,0.8060517490442176,0.08632332018119704,0.10762493077458539
476,0.8074549530678441,0.08069887886180008,0.11184616807035586
477,0.8087615540299097,0.079703447658597,0.11153499831149329
478,0.7985363492017831,0.07956308574755387,0.121900565050663
479,0.8104122847493395,0.09485914167310536,0.09472857357755535
480,0.8005822979632347,0.08712941225703119,0.11228828977973414
481,0.8009841834790009,0.06634825147012782,0.13266756505087135
482,0.7918976713937118,0.07015543802509976,0.1379468905811884
483,0.8187003397063356,0.08607354909346018,0.09522611120020422
484,0.8005618963300135,0.07929410093038959,0.12014400273959701
485,0.8086126476649333,0.09016906215008154,0.10121829018498509
486,0.8038741556541233,0.08865051247671288,0.10747533186916372
487,0.813680226861552,0.08739659588720385,0.09892317725124405
488,0.7937182573757264,0.0882532188868946,0.11802852373737902
489,0.8062335387861275,0.07490591459337347,0.11886054662049908
490,0.769528447083974,0.12863535302306608,0.10183619989295983
491,0.7827778268201688,0.06880253426524892,0.14841963891458226
492,0.799858273128687,0.08927932012502754,0.11086240674628547
493,0.8065966307702593,0.07204960777529903,0.12135376145444163
494,0.8055613356385641,0.0838678567136203,0.11057080764781563
495,0.7920593032832337,0.08668209547747856,0.12125860123928789
496,0.7866175094349607,0.08607058523354258,0.1273119053314967
497,0.7963801327675165,0.09780758290065394,0.10581228433182953
498,0.8091966193960377,0.089228524371634,0.10157485623232823
499,0.8107266279876694,0.09263550315075993,0.09663786886157069
500,0.8054546006146093,0.0889988894134237,0.10554650997196702
501,0.8051650296077628,0.11273585246395267,0.0820991179282845
502,0.7923206753325734,0.11753885033562295,0.09014047433180365
503,0.8056180849821708,0.06238445497537943,0.13199746004244986
504,0.8057196686861506,0.0916807254240155,0.10259960588983393
505,0.8007635916806077,0.07127209595143155,0.12796431236796063
506,0.8138382517751502,0.08790508088209902,0.09825666734275076
507,0.799704469485266,0.09036720799538525,0.10992832251934877
508,0.7988788275961257,0.06143448627254954,0.13968668613132473
509,0.8117014304865804,0.07668716375948255,0.11161140575393709
510,0.7949106601551824,0.08577246963369085,0.11931687021112679
511,0.7999990204959371,0.08138042092741357,0.1186205585766493
512,0.8088945070302345,0.05326207902305563,0.13784341394670988
513,0.8070454173875184,0.09004622157146604,0.10290836104101553
514,0.8005327190276942,0.10317619623593485,0.09629108473637096
515,0.8117093876076338,0.0690334498157591,0.11925716257660698
516,0.8041398067396082,0.08449044352598448,0.1113697497344075
517,0.8119129712195341,0.08825730414001615,0.09982972464044967
518,0.8103565409184051,0.0773699248013096,0.11227353428028526
519,0.8015312123712794,0.08222746751145472,0.11624132011726583
520,0.8182409804430908,0.07358077521864219,0.108178244338267
521,0.7786396227304501,0.05696011807233477,0.16440025919721515
522,0.7685799473636654,0.07687263432638475,0.1545474183099499
523,0.8015357778906271,0.07826492551059976,0.12019929659877307
524,0.8095946469143319,0.08521532993353496,0.10519002315213312
525,0.8120157272997034,0.09515046355433365,0.09283380914596288
526,0.8001836723780966,0.06466883596508197,0.1351474916568214
527,0.8002963975464457,0.0814889664602163,0.11821463599333817
528,0.8083611061823371,0.09376470792310203,0.09787418589456075
529,0.8034214460635235,0.09347698823907225,0.10310156569740417
530,0.7944278062800947,0.10137014407060149,0.10420204964930382
531,0.8077667077039091,0.08282842289178642,0.1094048694043044
532,0.7989806146672755,0.08379955822270259,0.11721982711002189
533,0.8063698267977154,0.08034558070136853,0.11328459250091598
534,0.7993786398638031,0.08466339765340726,0.11595796248278947
535,0.7887522770442669,0.1035215281092263,0.10772619484650686
536,0.7889907558250092,0.10544395604705278,0.105565288127938
537,0.8060772651575738,0.07976869097512505,0.1141540438673013
538,0.7899333954410713,0.096003600592063,0.11406300396686576
539,0.8061826232483943,0.0882436303136923,0.10557374643791333
540,0.791731186232009,0.10541936306203417,0.10284945070595684
541,0.8186666428534071,0.08712293284891676,0.09421042429767618
542,0.7983486106417735,0.08925273582992234,0.11239865352830407
543,0.8064378699594891,0.07850143655061384,0.11506069348989716
544,0.7876179745832814,0.10538333883193499,0.10699868658478345
545,0.797345246282605,0.08155371416069881,0.1211010395566961
546,0.8133651042154274,0.07931775412183219,0.10731714166274046
547,0.7929706975932032,0.07629674305220581,0.13073255935459097
548,0.7990141653293817,0.08323618400610126,0.11774965066451698
549,0.8103963470677653,0.0808482902140997,0.10875536271813481
550,0.8096156686785898,0.08015460442278427,0.11022972689862588
551,0.8067336378455654,0.06740318685776005,0.1258631752966746
552,0.8023594265747108,0.07782217753828771,0.11981839588700147
553,0.8116560318981808,0.0837307183524639,0.10461324974935518
554,0.8166017108182804,0.0867926115679313,0.09660567761378828
555,0.8157118099244388,0.07961653486934178,0.1046716552062193
556,0.8077349681505006,0.08000740294404582,0.11225762890545363
557,0.8030282984054318,0.08975951321840209,0.10721218837616611
558,0.806662772450955,0.09042792353706616,0.10290930401197897
559,0.7961490218859564,0.08644396232399107,0.11740701579005244
560,0.800517257986266,0.08401523989158743,0.1154675021221464
561,0.8061762848455323,0.07776691071311384,0.1160568044413538
562,0.7934232367541757,0.08653487361359749,0.12004188963222678
563,0.8075309301917765,0.07478974671787317,0.1176793230903504
564,0.7815266419743058,0.10996736384152431,0.10850599418416992
565,0.8131899280410272,0.08027944526564997,0.10653062669332283
566,0.8124074070057619,0.090377863590195,0.0972147294040432
567,0.8004887015388982,0.09679867333248098,0.10271262512862085
568,0.7990589431767543,0.07857939442722166,0.12236166239602403
569,0.8118332428709563,0.08988910515965609,0.09827765196938772
570,0.8003497226042514,0.08342743742665919,0.11622283996908947
571,0.806662959288553,0.07856904750595879,0.11476799320548822
572,0.7789039260277942,0.07400087571832524,0.1470951982538805
573,0.8071291874502056,0.09002647082317652,0.10284434172661816
574,0.7886913503173869,0.08643354469901993,0.1248751049835931
575,0.7999149281272291,0.09766074532524995,0.10242432654752097
576,0.7876538129777954,0.10442313525436862,0.107923051767836
577,0.8127680345617445,0.08565885565114822,0.10157310978710742
578,0.7916971072284541,0.08458879808154464,0.12371409469000123
579,0.8122214049668971,0.07545420896472876,0.1123243860683741
580,0.7589633745399594,0.09315804706944514,0.1478785783905955
581,0.7924460258208029,0.10894336099363644,0.09861061318556064
582,0.7966163377632014,0.09771190920919397,0.10567175302760459
583,0.8091131002191616,0.09531485435420561,0.09557204542663286
584,0.8025435592408569,0.09789593085240321,0.09956050990674005
585,0.8037932148958521,0.0860845224875073,0.11012226261664067
586,0.7915796210286465,0.08322076968032413,0.12519960929102933
587,0.7980395095234427,0.08148835433814242,0.12047213613841487
588,0.8078497391344135,0.08136173263507142,0.11078852823051515
589,0.8087123955872424,0.08701355770189181,0.10427404671086576
590,0.806889884667303,0.0815854268825883,0.11152468845010861
591,0.7829008783575452,0.06799898078428923,0.14910014085816556
592,0.8010731005016817,0.08389013633629314,0.11503676316202527
593,0.8071664314722773,0.08983694103061188,0.10299662749711085
594,0.7965237985014947,0.10557519164615095,0.09790100985235431
595,0.8157028962407986,0.06856960152423404,0.11572750223496746
596,0.8064882490006396,0.08507564688892097,0.10843610411043929
597,0.8025458255461452,0.06266220275943436,0.1347919716944205
598,0.8109812776422278,0.09068832260150811,0.09833039975626426
599,0.7542544050575873,0.06471860956992384,0.1810269853724888
600,0.8029957450311297,0.09116165035008207,0.10584260461878836
601,0.8041901023800564,0.07903456146004084,0.11677533615990295
602,0.8066011161571289,0.0972875330220224,0.09611135082084851
603,0.7924393861074787,0.0748423574013844,0.13271825649113705
604,0.7930971640841962,0.09497979449734559,0.11192304141845817
605,0.7994072741508382,0.09192993474543919,0.10866279110372266
606,0.8050205886442066,0.09042092465699918,0.10455848669879432
607,0.8016303743331054,0.07916773483222532,0.1192018908346693
608,0.7964454822104519,0.08337929256017068,0.12017522522937743
609,0.7977142290906899,0.0924110226558222,0.10987474825348807
610,0.8181572333510388,0.0901160757724375,0.09172669087652364
611,0.8060603969018568,0.0760940128955841,0.117845590202559
612,0.813655417438154,0.07415534492652055,0.11218923763532533
613,0.8106596259010029,0.07606725190160048,0.11327312219739662
614,0.8080134059477441,0.08798295641508666,0.10400363763716924
615,0.8049461749658006,0.08610130665456017,0.10895251837963933
616,0.8020469104462142,0.07772916635310984,0.12022392320067606
617,0.8038298641018388,0.08133580956205938,0.11483432633610194
618,0.7843844688115271,0.0899430681245977,0.12567246306387506
619,0.7933086252031651,0.07882295510245557,0.12786841969437934
620,0.8064317008050317,0.08092028546159183,0.11264801373337642
621,0.7841395657547456,0.102331437657142,0.1135289965881124
622,0.79444045618681,0.11663851635720528,0.08892102745598458
623,0.8134557747757453,0.08762792633165815,0.09891629889259657
624,0.8028944302303374,0.0722808935156733,0.12482467625398914
625,0.8009379639255682,0.09617667525568212,0.10288536081874979
626,0.8029997977648733,0.08804633716802994,0.10895386506709683
627,0.8066078558793743,0.08318241758934966,0.1102097265312759
628,0.8046997803504301,0.093582867350202,0.10171735229936797
629,0.7785907954332906,0.1480328556729246,0.07337634889378496
630,0.8060041474699162,0.09166621925823941,0.10232963327184431
631,0.8084363773302488,0.08704979026088455,0.10451383240886669
632,0.798863982679682,0.09832191824824942,0.10281409907206863
633,0.8113871829368867,0.06275450234547084,0.1258583147176424
634,0.8000851538867362,0.10040912058316637,0.09950572553009746
635,0.8147365931122763,0.08454467121593016,0.10071873567179353
636,0.8064088043781906,0.08642281675993606,0.10716837886187347
637,0.8064374954264517,0.09155375586801168,0.10200874870553656
638,0.8018979781137365,0.09173344136231099,0.10636858052395265
639,0.8070590396807092,0.08268586506388638,0.11025509525540429
640,0.7884018301258593,0.08758620768023213,0.12401196219390853
641,0.801299177167433,0.10426194937525196,0.09443887345731511
