userId,factor_0,factor_1,factor_2
1,0.3380181806891378,0.32169843601471376,0.34028338329614843
2,0.3332794878536043,0.3266061920197313,0.3401143201266644
3,0.3332070345966332,0.3229316153156945,0.34386135008767227
4,0.3337791384419727,0.3239536310949212,0.342267230463106
5,0.3375947258267594,0.32921289676114,0.33319237741210056
6,0.3404810183391891,0.3228410351137311,0.3366779465470799
7,0.33043435410413335,0.32310396016571596,0.3464616857301507
8,0.33180824095078215,0.3233070476777205,0.34488471137149734
9,0.3383925914678419,0.3275813804228518,0.3340260281093063
10,0.33608951130513853,0.32423851599962966,0.3396719726952318
11,0.32123425336107686,0.3326853706909323,0.3460803759479908
12,0.34106168365760386,0.3217546276294987,0.3371836887128974
13,0.3376123245782634,0.3221245507754894,0.34026312464624703
14,0.3336163968208226,0.32967063083721,0.3367129723419674
15,0.34012582812019815,0.32449774291744593,0.3353764289623559
16,0.34374380579205416,0.32756802653186695,0.32868816767607895
17,0.33704957539332014,0.3269646729271204,0.33598575167955946
18,0.33967325984770946,0.32789483012882026,0.3324319100234703
19,0.3362600730346102,0.32387772617200883,0.3398622007933809
20,0.32851545341024674,0.33034881980727765,0.3411357267824756
21,0.3486146272300068,0.31121862349471024,0.3401667492752829
22,0.33701127145911386,0.32883969661275886,0.3341490319281273
23,0.3315083831944476,0.3247252979598564,0.34376631884569603
24,0.3364162799958687,0.32490490288777124,0.3386788171163601
25,0.3360813945199288,0.32319089792959865,0.34072770755047244
26,0.3290230384748883,0.3324789460399916,0.33849801548512015
27,0.3234000365924563,0.336979160711849,0.3396208026956946
28,0.32909794311928603,0.32549748781150983,0.3454045690692042
29,0.3390773848040562,0.3218652494756419,0.3390573657203019
30,0.33671625781760695,0.3197426029611516,0.34354113922124146
31,0.3376040618932168,0.3216503867523557,0.3407455513544275
32,0.33188993915781856,0.32701768167664325,0.3410923791655383
33,0.33108190969559176,0.32470272222067054,0.34421536808373765
34,0.33729367276807987,0.32245055150225244,0.3402557757296678
35,0.3276167330877592,0.3258979450196341,0.3464853218926067
36,0.33427497352283136,0.32715981172475805,0.3385652147524105
37,0.34820641604699293,0.32687638636912814,0.324917197583879
38,0.33192533272266916,0.32667827680594447,0.3413963904713863
39,0.33623987184340276,0.3304554360001743,0.333304692156423
40,0.33949695592415985,0.3268946511814871,0.3336083928943531
41,0.35151840455552985,0.31209653894903855,0.3363850564954315
42,0.33400311569934626,0.32776048509645345,0.33823639920420023
43,0.33870903772727884,0.32149447740059584,0.3397964848721254
44,0.34035068183531275,0.32510051617546093,0.3345488019892264
45,0.33062949204584896,0.3273843110464312,0.34198619690771986
46,0.32992311172789296,0.3232344184001938,0.3468424698719132
47,0.33535637639009186,0.32563555220650636,0.3390080714034017
48,0.33340076061625584,0.3305387665223757,0.33606047286136853
49,0.3325745860859766,0.33022008106890355,0.33720533284511983
50,0.33157799734774474,0.3287390793313235,0.3396829233209317
51,0.3447241343259088,0.3201386812792822,0.33513718439480894
52,0.3363517858809361,0.3264178967359955,0.33723031738306847
53,0.3325322664375872,0.3275332741805452,0.33993445938186756
54,0.32290884514498,0.32667595988378895,0.3504151949712311
55,0.3402012520453681,0.31809401151175454,0.34170473644287735
56,0.3382932426316785,0.3311729753183131,0.33053378205000844
57,0.3411722925953748,0.32607675188578106,0.33275095551884415
58,0.33485309309542594,0.3278024715161462,0.3373444353884279
59,0.3362540330605135,0.3264263042733612,0.3373196626661252
60,0.34357973184163615,0.3188037226168354,0.3376165455415285
61,0.3307938047844103,0.3350119535675393,0.3341942416480504
62,0.3384073729306935,0.3293880528812296,0.3322045741880769
63,0.34036685457498295,0.32449788687902553,0.3351352585459916
64,0.33745780297326156,0.3227831199984869,0.3397590770282516
65,0.335631804802246,0.3242559296963985,0.34011226550135554
66,0.3198114078879636,0.33362473944968624,0.3465638526623501
67,0.3301920088979027,0.3337951748014865,0.33601281630061086
68,0.3433465786958754,0.3244034898058935,0.332249931498231
69,0.33187654040261005,0.32747358639577906,0.340649873201611
70,0.3373139108765588,0.32675524661933086,0.3359308425041104
71,0.3372499681775818,0.3204543907554193,0.342295641066999
72,0.3307319350850628,0.3318303524426503,0.337437712472287
73,0.3362517996713111,0.32523474473151137,0.33851345559717766
74,0.32052715167938806,0.3362675809245947,0.3432052673960172
75,0.3348891672223924,0.32227413681272465,0.34283669596488286
76,0.33325205131444535,0.3286550368569481,0.33809291182860657
77,0.35176049545120863,0.3325293503009836,0.3157101542478077
78,0.3330322477440538,0.3245333220629267,0.34243443019301956
79,0.3294589630034246,0.33195537627029664,0.3385856607262788
80,0.3290598414068727,0.32731539744836485,0.34362476114476237
81,0.32558562476680547,0.32879331285690044,0.3456210623762942
82,0.3331211856369242,0.32484261657481267,0.3420361977882631
83,0.34056223266895486,0.3228601460596858,0.3365776212713594
84,0.3332464775102274,0.32483312711637463,0.34192039537339786
85,0.3163109663178843,0.3267449130258652,0.35694412065625053
86,0.33046633953987103,0.3271103497610118,0.34242331069911724
87,0.31483778719192923,0.32312687179143756,0.3620353410166332
88,0.33434279141897844,0.32882315968200504,0.3368340488990166
89,0.3322955230990269,0.3232857000740689,0.3444187768269042
90,0.3277846515683238,0.3283665551830126,0.34384879324866363
91,0.33403699839125495,0.3220685676435902,0.34389443396515473
92,0.33765672683187076,0.3283536430207233,0.33398963014740596
93,0.3322996436258187,0.3261668975751848,0.3415334587989965
94,0.3364067365156801,0.3228654273748211,0.34072783610949886
95,0.33785847329487495,0.3186507135697317,0.34349081313539337
96,0.33623960905753086,0.322842833799384,0.3409175571430851
97,0.33532527829305936,0.32481425110630857,0.33986047060063207
98,0.330644088511988,0.3289071885624318,0.3404487229255802
99,0.336268093332161,0.3230160605220395,0.3407158461457995
100,0.3406488993670468,0.3239576098490345,0.3353934907839186
101,0.33413441027600504,0.3215336135361846,0.34433197618781036
102,0.3225820024237122,0.3372664074435382,0.3401515901327496
103,0.3347652919494577,0.3246831885913594,0.3405515194591828
104,0.3400479233626729,0.3222643057304117,0.33768777090691543
105,0.3321712859824386,0.3205746718344773,0.3472540421830841
106,0.3376922339353956,0.3199878329461602,0.3423199331184443
107,0.3371938774377013,0.3221032971039039,0.3407028254583947
108,0.32777668691297185,0.3311874597238483,0.34103585336317993
109,0.33427101886299754,0.3222163219228844,0.34351265921411817
110,0.3349895218193911,0.3316132257279796,0.33339725245262924
111,0.3271852471196236,0.33265747477136715,0.3401572781090093
112,0.33431306054185844,0.3297085228577277,0.3359784166004138
113,0.3357845826669,0.3261621437963128,0.33805327353678716
114,0.33428338237737604,0.3232536084257113,0.3424630091969126
115,0.3397410669322855,0.32127131139854476,0.33898762166916985
116,0.33663818738788365,0.3234989826594058,0.3398628299527106
117,0.3379833892262148,0.3173021472311015,0.34471446354268365
118,0.3323064412489161,0.3274841620092713,0.3402093967418125
119,0.3334149773448301,0.32659763142266224,0.33998739123250765
120,0.34148228020377897,0.32067008578110523,0.3378476340151158
121,0.3301943143721811,0.3293683587287339,0.3404373268990851
122,0.3363314961712825,0.3291222625003312,0.3345462413283863
123,0.33275469825514586,0.32708208516883963,0.34016321657601445
124,0.33450450780510993,0.32689957598604213,0.338595916208848
125,0.3307674884081815,0.32439385029078527,0.34483866130103324
126,0.3359576382134349,0.3223768774671014,0.3416654843194637
127,0.33126266143661387,0.32584890574292424,0.3428884328204619
128,0.3419688104392551,0.3188562675628022,0.33917492199794275
129,0.3326135015002031,0.32738514071504343,0.3400013577847535
130,0.3363659329449263,0.32096881860295673,0.34266524845211704
131,0.33264532594929563,0.3294241269228972,0.3379305471278071
132,0.33842532558932975,0.3209548116955724,0.34061986271509787
133,0.337761720808191,0.33035563935788775,0.33188263983392136
134,0.3437127400118098,0.32759533200669855,0.32869192798149166
135,0.3451389841618059,0.31935507919423345,0.3355059366439607
136,0.33440872971264907,0.3274173165046058,0.3381739537827452
137,0.33676568348163244,0.3228164828222687,0.34041783369609885
138,0.337956253945999,0.3249151397247697,0.3371286063292313
139,0.3339837778660296,0.326916257827587,0.3390999643063833
140,0.336483810211971,0.3251849715940211,0.33833121819400785
141,0.32882268895146244,0.32940061185934294,0.34177669918919457
142,0.3442766400492235,0.31751392835628917,0.3382094315944873
143,0.32750538858351486,0.33084682580266994,0.34164778561381526
144,0.3350915329377565,0.3289058769946215,0.336002590067622
145,0.32304718325625376,0.34147200560557767,0.3354808111381685
146,0.33240580699816324,0.32939849487448036,0.3381956981273564
147,0.33524798566815,0.32453797927064953,0.3402140350612005
148,0.33346814132004116,0.3264987609451076,0.3400330977348513
149,0.3330799754292023,0.3262789414060139,0.34064108316478386
150,0.33592208824829384,0.32509691980775934,0.3389809919439467
151,0.3288230939375696,0.32992809474413975,0.3412488113182907
152,0.33843009979654903,0.3222485742238474,0.3393213259796037
153,0.3233086948552214,0.33690503891345414,0.33978626623132435
154,0.33134929625176796,0.3325524089139859,0.3360982948342461
155,0.3245248268202942,0.33600633520523804,0.3394688379744678
156,0.34028009851508084,0.32445731846951875,0.3352625830154004
157,0.3317973598129334,0.32995944837325575,0.33824319181381074
158,0.33431451174774696,0.32709868857861046,0.3385867996736426
159,0.33414004757713794,0.329147023613833,0.33671292880902903
160,0.3406127454967211,0.323784395094387,0.3356028594088919
161,0.33258910825361304,0.3302406820949241,0.337170209651463
162,0.33518849623159425,0.3285381536216112,0.33627335014679455
163,0.3310340081422572,0.3286929129377972,0.3402730789199456
164,0.3385956068969858,0.31951459395628823,0.34188979914672596
165,0.33120931376332985,0.32431490312712213,0.3444757831095481
166,0.3360524016780059,0.32637319521686703,0.33757440310512704
167,0.3480931459791726,0.3218946461845357,0.3300122078362917
168,0.335243784917158,0.3213335592363783,0.3434226558464637
169,0.3387326843917949,0.3201717785387862,0.34109553706941903
170,0.3362881925717376,0.32157559245122974,0.3421362149770327
171,0.34049210339188124,0.3217824980979688,0.33772539851015004
172,0.33149274986464033,0.33251785696614683,0.33598939316921284
173,0.3349126571907425,0.32536731380718953,0.339720029002068
174,0.3208901526735615,0.3287179945589166,0.3503918527675218
175,0.3372959335862044,0.3249469823084856,0.33775708410530986
176,0.33104988556142845,0.3245487493181322,0.34440136512043945
177,0.3282652811885291,0.33097862400966255,0.3407560948018083
178,0.3388462387102583,0.32317215666319593,0.33798160462654575
179,0.33105731714577036,0.33639442316782275,0.332548259686407
180,0.3302541931927095,0.33286092285646923,0.3368848839508213
181,0.3240917662405939,0.33404443669839734,0.34186379706100883
182,0.33612673845986124,0.3286942732017545,0.3351789883383843
183,0.3371204147866525,0.3300412226395929,0.33283836257375454
184,0.34219503580468247,0.32264722968906306,0.3351577345062545
185,0.33391742543156117,0.3267936716691203,0.3392889028993185
186,0.33211325961043664,0.3263033745898849,0.34158336579967835
187,0.3343883629434108,0.32946664450527463,0.3361449925513146
188,0.3329538387232817,0.33469773026051974,0.33234843101619865
189,0.3335558484242265,0.328242502980889,0.33820164859488444
190,0.3370753782298154,0.32224852287813543,0.34067609889204914
191,0.335891691108693,0.3262459005740997,0.3378624083172074
192,0.33020735708029403,0.3307758058903252,0.33901683702938085
193,0.33589494141091464,0.32479446660332617,0.3393105919857592
194,0.33912172774090293,0.3229960762053901,0.33788219605370706
195,0.33305059959594663,0.32883977553445065,0.3381096248696028
196,0.3362175167708663,0.32648366216998176,0.33729882105915193
197,0.3354865324997129,0.3255468200045739,0.3389666474957132
198,0.33947036603730557,0.32259401377267877,0.33793562019001566
199,0.33159846281019256,0.3271162714135106,0.34128526577629686
200,0.33178197365033024,0.32679552403814405,0.3414225023115257
201,0.33138493734004304,0.32776778824027053,0.34084727441968654
202,0.33348917136861905,0.32665509295912937,0.3398557356722517
203,0.32596781429044874,0.34473320591957946,0.32929897978997175
204,0.33650383271823153,0.3215690743944005,0.341927092887368
205,0.33306235301546294,0.3248453894038103,0.34209225758072676
206,0.3192839535733122,0.32571033673264954,0.35500570969403833
207,0.33788741411133155,0.32480184159486736,0.33731074429380115
208,0.33839062400184694,0.3252877887879172,0.336321587210236
209,0.3291848655670642,0.32835251338373195,0.3424626210492039
210,0.326149842532818,0.3292594116139555,0.3445907458532264
211,0.3371730426693777,0.3166062961043047,0.34622066122631756
212,0.3326952422409069,0.32462154432894574,0.34268321343014735
213,0.3420380741597763,0.3208449538227059,0.33711697201751784
214,0.33833061314039425,0.32780291120095506,0.3338664756586507
215,0.3381136922655699,0.3200503127585074,0.34183599497592254
216,0.3238865759507157,0.3289162861717177,0.3471971378775666
217,0.33234209618378496,0.3266028803503715,0.3410550234658436
218,0.3311364110895948,0.33109057440210626,0.3377730145082989
219,0.3397470509434528,0.3232941452357736,0.3369588038207737
220,0.33857670570186554,0.3237704674193917,0.3376528268787428
221,0.33797444200334886,0.32345284352915826,0.3385727144674929
222,0.3281730992272799,0.32609853222011,0.34572836855261013
223,0.33396504560552387,0.32264501799451484,0.3433899363999614
224,0.3380415934090894,0.323257520019365,0.3387008865715457
225,0.3276379423240087,0.33140381171992894,0.3409582459560623
226,0.32948875198322664,0.33242343803460467,0.3380878099821687
227,0.3325162135917319,0.33380179604549187,0.3336819903627763
228,0.34286431911947945,0.32199274279359913,0.33514293808692147
229,0.3259952780898869,0.3329676833756499,0.3410370385344631
230,0.3320149434564375,0.32522829408791526,0.34275676245564723
231,0.3375352221567213,0.3236787389473282,0.3387860388959503
232,0.3370624829812946,0.3234425657191512,0.3394949512995543
233,0.3444192817994041,0.3206233826929979,0.33495733550759793
234,0.3295775595469174,0.3306452289815074,0.33977721147157525
235,0.3292759121859662,0.32979217887298923,0.3409319089410445
236,0.3376014060135461,0.32058173138152724,0.3418168626049265
237,0.33149502040673146,0.3263048612757419,0.34220011831752667
238,0.3389595032477394,0.3176780058624396,0.34336249088982096
239,0.3388884779078059,0.32176748303390523,0.33934403905828886
240,0.335178726357983,0.32844203973604763,0.33637923390596935
241,0.3309282436230027,0.3253321749929686,0.3437395813840287
242,0.3354101864407467,0.3296635071101862,0.33492630644906707
243,0.3350666928297106,0.32240076377992954,0.3425325433903599
244,0.3241219135467825,0.33203088161490474,0.34384720483831277
245,0.332854768791236,0.3349408676671163,0.33220436354164773
246,0.33731262781009164,0.3227221321917613,0.33996523999814704
247,0.3309557506467733,0.3296004307320327,0.339443818621194
248,0.3321088618412993,0.32337383313667833,0.3445173050220224
249,0.3359869922424621,0.32394458113193236,0.3400684266256056
250,0.3301109305900267,0.3260186905875024,0.34387037882247096
251,0.3401104823865733,0.3236503777145758,0.33623913989885085
252,0.3316172815861027,0.3251422530611642,0.343240465352733
253,0.3363552349750704,0.32909602578799335,0.3345487392369362
254,0.3343547377797709,0.32471839435533156,0.3409268678648974
255,0.33379008086078876,0.32279283367290773,0.34341708546630345
256,0.3327093111403615,0.3253591101883106,0.341931578671328
257,0.32990551980487076,0.32505698601469674,0.3450374941804324
258,0.33542871846045724,0.3263621745749524,0.3382091069645903
259,0.3308011792501598,0.32989298294944247,0.3393058378003978
260,0.34234974853090544,0.3245739084154611,0.33307634305363343
261,0.335178351545266,0.3254930973075559,0.3393285511471781
262,0.3355679580247434,0.3261644318936841,0.3382676100815725
263,0.3384872893266748,0.322249060952615,0.3392636497207102
264,0.33858286998063314,0.3266770446016281,0.33474008541773886
265,0.33484666601178825,0.32399135446918487,0.34116197951902694
266,0.3406411379849876,0.3208274610558307,0.3385314009591817
267,0.33334434934446844,0.3297971689310099,0.3368584817245216
268,0.3441413756832084,0.323261752856865,0.3325968714599265
269,0.3389027507028661,0.33516019410053755,0.3259370551965965
270,0.33478445857011924,0.32642310650795364,0.3387924349219271
271,0.3328803397500975,0.32797079762303954,0.33914886262686295
272,0.3373368760236866,0.3270134114659215,0.33564971251039194
273,0.3332123335394039,0.32584937535032155,0.3409382911102746
274,0.3349357573371785,0.32811844063088963,0.33694580203193175
275,0.33243908003255473,0.3282835220721486,0.33927739789529654
276,0.3280547049546904,0.3305281372883444,0.34141715775696513
277,0.33408155913666293,0.32468455462633067,0.34123388623700635
278,0.33465940794955157,0.32426821924474525,0.3410723728057031
279,0.330133473020716,0.3235936950457919,0.3462728319334921
280,0.3356759727435369,0.32447105899197676,0.3398529682644863
281,0.3261384812762835,0.3292714198744661,0.3445900988492505
282,0.3315874240825938,0.33226718628755014,0.336145389629856
283,0.3378511523145386,0.31749084741614286,0.34465800026931853
284,0.33599957508202694,0.3244764288916793,0.33952399602629374
285,0.33377627663256276,0.3244447083266872,0.34177901504075003
286,0.33263162789429,0.32860811043733135,0.33876026166837847
287,0.32436117046348173,0.33457092902277746,0.3410679005137408
288,0.3334281596875892,0.3216659974460804,0.34490584286633036
289,0.3265819577074984,0.33295876834245497,0.3404592739500466
290,0.34072044523759115,0.31821361073494586,0.341065944027463
291,0.3395377200962807,0.3196185857513862,0.3408436941523332
292,0.33214470936860635,0.32796882944994005,0.3398864611814536
293,0.33035711382508687,0.34422815186249106,0.3254147343124222
294,0.3358593658181383,0.3316271443492111,0.3325134898326505
295,0.33643341311612995,0.32151104373112865,0.3420555431527415
296,0.3352964990450338,0.3265299946876048,0.3381735062673614
297,0.3355905027475142,0.3284365938397917,0.33597290341269415
298,0.3347543475363817,0.32401311978876274,0.3412325326748555
299,0.3300339439198758,0.331713553682301,0.33825250239782323
300,0.3332511123315923,0.32622243476390306,0.3405264529045047
301,0.3353047302061725,0.32791383171773913,0.3367814380760884
302,0.33092194829379373,0.3353313958729284,0.33374665583327784
303,0.34738769696431965,0.3248394506453126,0.32777285239036774
304,0.3377565573671364,0.3279429439083434,0.3343004987245202
305,0.3455600973635378,0.31956760180155686,0.3348723008349052
306,0.3320305009571842,0.3263241000896633,0.34164539895315243
307,0.33467495644706885,0.32286986542145435,0.34245517813147686
308,0.33475872095500697,0.32854806487761046,0.3366932141673825
309,0.3326796906586544,0.3260486135323182,0.34127169580902733
310,0.33356809876876253,0.32924687558718624,0.33718502564405123
311,0.33186870074041275,0.32656322797722154,0.3415680712823657
312,0.33325918435392593,0.3245186365933137,0.34222217905276026
313,0.33366989574661626,0.32739674968812105,0.33893335456526263
314,0.3329731947373959,0.3270514879021577,0.3399753173604464
315,0.333119816591119,0.32422513434817934,0.34265504906070154
316,0.33393646460321647,0.32492841618396295,0.34113511921282064
317,0.3250801107736303,0.33256825119555067,0.342351638030819
318,0.33603536375678034,0.3297430943714816,0.3342215418717381
319,0.33464993855430275,0.32633951711174974,0.3390105443339475
320,0.3328999294856044,0.32043317407418187,0.3466668964402137
321,0.3355206382417157,0.3290376517127034,0.33544171004558077
322,0.33914166859771117,0.3207148875303549,0.34014344387193396
323,0.3200544280545589,0.32981080308934463,0.35013476885609646
324,0.3435357320024613,0.3229754782670438,0.33348878973049495
325,0.3398100960806841,0.3219099481463595,0.33827995577295633
326,0.3387412889179331,0.3234240474744225,0.3378346636076444
327,0.32632714810461105,0.33347405627325133,0.3401987956221376
328,0.34465570698597214,0.32219483049183667,0.33314946252219124
329,0.33723666251145945,0.3287222633814099,0.33404107410713063
330,0.33742507336050703,0.3236560149943596,0.33891891164513344
331,0.3420683634443517,0.3266493497976901,0.3312822867579583
332,0.3417598410393713,0.3246359410211698,0.3336042179394588
333,0.33228625706024595,0.3345258129690959,0.33318792997065816
334,0.3387843059085695,0.324345645680268,0.3368700484111625
335,0.3215145639781851,0.33863895198556476,0.33984648403625006
336,0.33469903628298675,0.322707164135327,0.3425937995816862
337,0.33678616210524054,0.3272717176339251,0.3359421202608343
338,0.335224057706734,0.32615775063482944,0.3386181916584366
339,0.334366541198745,0.3282321293231643,0.33740132947809065
340,0.3352013557013948,0.3266167634941591,0.3381818808044461
341,0.3306018805687759,0.32949190596488076,0.33990621346634337
342,0.3306707045307179,0.3294432345010642,0.3398860609682178
343,0.3370845982396805,0.3239200304431388,0.3389953713171806
344,0.3215153576913406,0.3385404999832784,0.33994414232538106
345,0.32489138881054824,0.3314036316368452,0.3437049795526066
346,0.33638525048641305,0.32337132818614334,0.3402434213274436
347,0.3430928047861138,0.32525890583683925,0.3316482893770468
348,0.3365311555653792,0.32461358855679845,0.3388552558778224
349,0.3376936365138764,0.32798353333253616,0.33432283015358744
350,0.3368112347843051,0.32279039608780985,0.34039836912788507
351,0.33817450077858,0.3258826085276609,0.3359428906937591
352,0.3365588348190131,0.32741548278287647,0.33602568239811037
353,0.3263793210204973,0.33057773524429246,0.3430429437352102
354,0.3331415700313427,0.3257956354358676,0.3410627945327898
355,0.3334422966143757,0.3249058776991169,0.3416518256865074
356,0.3343152472456738,0.3219260396762484,0.3437587130780778
357,0.31473390304455184,0.3343445442261222,0.35092155272932596
358,0.340909836968024,0.3175045601469113,0.3415856028850647
359,0.33179344186771365,0.3248053183784633,0.3434012397538231
360,0.34024649697680603,0.32298038105573995,0.33677312196745396
361,0.3427546990398621,0.3223881320283136,0.3348571689318242
362,0.3374972678859522,0.32819931752220677,0.334303414591841
363,0.3347155626971174,0.3257494792830088,0.3395349580198738
364,0.3363245486390764,0.3265151953333289,0.33716025602759475
365,0.33972113445801155,0.3341412739142353,0.32613759162775313
366,0.3322005440708301,0.328528446451459,0.33927100947771094
367,0.3348287429869515,0.32452913820086204,0.3406421188121866
368,0.32265482422567293,0.33326611082060514,0.3440790649537218
369,0.3347096579624981,0.33106050358693984,0.33422983845056203
370,0.34479023916687873,0.3196559885470994,0.33555377228602185
371,0.33170676655443915,0.33463188809832756,0.3336613453472333
372,0.3318721352853618,0.32479077219058144,0.3433370925240568
373,0.3299137804138238,0.3266310558014609,0.34345516378471536
374,0.34070890389617864,0.3188772719632727,0.3404138241405487
375,0.3361575957583683,0.32343455150512695,0.3404078527365047
376,0.33289321365465824,0.3262785577670038,0.34082822857833794
377,0.3380865879947453,0.3248427991278026,0.3370706128774521
378,0.33800138063935725,0.3271688534209285,0.3348297659397142
379,0.34340728689849137,0.3181452220476326,0.3384474910538761
380,0.33758181870317117,0.32620486354079636,0.3362133177560326
381,0.3309799723366053,0.3238969444436292,0.3451230832197655
382,0.3326873801903777,0.33435486250439045,0.33295775730523175
383,0.33475271185498706,0.33537073129045286,0.32987655685456013
384,0.3207685645302457,0.3291436583913081,0.3500877770784463
385,0.3393022136524557,0.31923092676038656,0.3414668595871576
386,0.3233980558129256,0.34100823051688456,0.33559371367018986
387,0.34093471127594405,0.3241616391929189,0.33490364953113705
388,0.33807199973566576,0.3229011333273615,0.33902686693697276
389,0.34025891411235354,0.3184252554310606,0.3413158304565857
390,0.3387111345084516,0.32943366244613437,0.3318552030454141
391,0.3348420571716935,0.3267538579618477,0.3384040848664587
392,0.33494011601298695,0.3285860342072951,0.33647384977971784
393,0.3266632881492408,0.3357103145409154,0.33762639730984384
394,0.3404049141929033,0.32168241282950144,0.33791267297759514
395,0.3440572041632852,0.31372371764858775,0.34221907818812697
396,0.3343925825792543,0.32778961627802394,0.33781780114272175
397,0.33500484972011946,0.3213428362407018,0.3436523140391788
398,0.33142082034966236,0.3332920193799297,0.33528716027040795
399,0.33915035279107913,0.3191520939822021,0.34169755322671874
400,0.3422947211188334,0.3218087462384802,0.3358965326426864
401,0.3329811741602957,0.32902796234078524,0.3379908634989191
402,0.33657554490168257,0.32728958917219914,0.33613486592611835
403,0.3260557430746288,0.3326271657536198,0.3413170911717514
404,0.3340340055771009,0.3231407915746556,0.34282520284824347
405,0.32250804703073643,0.33068047957676366,0.3468114733924999
406,0.3406606988653519,0.3238256463198916,0.3355136548147565
407,0.3236553522530764,0.33649131217243045,0.33985333557449315
408,0.3360320109125083,0.3353719514635521,0.3285960376239397
409,0.3307038117862708,0.32655576161229244,0.34274042660143683
410,0.337022653573476,0.323753208174937,0.3392241382515869
411,0.33586183984292334,0.32533737892453146,0.33880078123254526
412,0.3341469816604834,0.3271474164831253,0.3387056018563912
413,0.33966989132186853,0.31951620542048453,0.34081390325764693
414,0.3363473373347147,0.3202260471544561,0.34342661551082926
415,0.33444445971912595,0.32761399362655913,0.3379415466543149
416,0.33648448431245803,0.3263880247633171,0.3371274909242249
417,0.3315528386595206,0.32017631524590745,0.34827084609457193
418,0.33610867266981437,0.32808387386698573,0.33580745346319996
419,0.335610185404866,0.3224541553508328,0.3419356592443011
420,0.3324235413808856,0.32233959053632993,0.34523686808278436
421,0.33878537424692023,0.31686148503556083,0.34435314071751905
422,0.3351172209697598,0.3265439747013791,0.33833880432886104
423,0.3276213779736597,0.3200816422124207,0.35229697981391966
424,0.3358163321012714,0.32814651628236463,0.33603715161636405
425,0.3282301008148913,0.3299269907196673,0.34184290846544135
426,0.33674104126263876,0.32633551369116653,0.33692344504619476
427,0.33262953658959216,0.32128161159904955,0.3460888518113583
428,0.3415920477244195,0.3212110983993222,0.3371968538762584
429,0.32747590227056894,0.3347580539831528,0.33776604374627817
430,0.33755350326574063,0.3276632954159429,0.33478320131831646
431,0.32664413147934496,0.3330468608993762,0.34030900762127886
432,0.3237517232556337,0.3334692751728838,0.3427790015714825
433,0.33778984806566825,0.3276627349403922,0.3345474169939394
434,0.33774851397684386,0.3217815463261813,0.3404699396969748
435,0.338586682233483,0.3239929576346212,0.33742036013189575
436,0.3437328705951107,0.3217789104825275,0.33448821892236175
437,0.3395454674321368,0.32368989700325346,0.3367646355646097
438,0.3296939451917029,0.331208929485106,0.33909712532319103
439,0.3418120104498087,0.3205811441727493,0.3376068453774421
440,0.33370207430953036,0.3287084363531711,0.3375894893372986
441,0.3345914649486744,0.32370193354640364,0.341706601504922
442,0.33416564662513615,0.3254352098723696,0.34039914350249423
443,0.34178904806081983,0.31513165513463676,0.34307929680454347
444,0.3306777705168718,0.32793374645438633,0.34138848302874186
445,0.3357649703103207,0.3277995207644603,0.336435508925219
446,0.33860872888367666,0.32738191036438147,0.33400936075194176
447,0.3419823703537864,0.32196401613031467,0.336053613515899
448,0.34049610663960567,0.3217706329747157,0.3377332603856787
449,0.33216633936544926,0.32231479002595614,0.34551887060859465
450,0.3369250908128673,0.31961005463255554,0.3434648545545772
451,0.33364835388537056,0.32523492945799265,0.34111671665663673
452,0.3337507325038033,0.3238538617311757,0.34239540576502103
453,0.3333239807616206,0.32937369401077854,0.33730232522760084
454,0.3215668888831306,0.3377657668622804,0.34066734425458894
455,0.3406096455145843,0.3207541021669652,0.3386362523184506
456,0.3427806593848999,0.3208216658802972,0.336397674734803
457,0.3406200287846529,0.32209288844899975,0.33728708276634745
458,0.33100831985157086,0.32905600231571813,0.3399356778327109
459,0.3428800696091998,0.32671787723672724,0.330402053154073
460,0.3296801275459807,0.32814454057726644,0.34217533187675303
461,0.3370124403256456,0.32912308086121,0.3338644788131444
462,0.3302389020756052,0.32664096128100584,0.3431201366433889
463,0.3298046285990824,0.33267085626891196,0.3375245151320056
464,0.3314352866984055,0.32897933556328796,0.33958537773830655
465,0.3159229089997,0.3380827414176892,0.3459943495826107
466,0.3354590391260558,0.32640273086340604,0.33813823001053817
467,0.3248237092951097,0.33506094434323574,0.3401153463616547
468,0.3280760512128136,0.3393471345718192,0.3325768142153672
469,0.32833306485732955,0.3289086810602845,0.34275825408238597
470,0.33878246764438646,0.32302392938390473,0.3381936029717088
471,0.332399438212767,0.3332359998152602,0.3343645619719728
472,0.32607350891369247,0.3288875337679623,0.3450389573183452
473,0.3396042689495777,0.32353852731998756,0.3368572037304347
474,0.3383697656760537,0.32665327339533384,0.3349769609286125
475,0.3349201820966059,0.32551445469359397,0.33956536320980024
476,0.3335807086963845,0.32707341789258465,0.33934587341103084
477,0.33343286568510827,0.3271810569138688,0.33938607740102295
478,0.3305916409728566,0.3269881642654959,0.3424201947616475
479,0.3396233033424391,0.32253759716131325,0.3378390994962476
480,0.334438319354579,0.3256077948781285,0.33995388576729263
481,0.3267775339616006,0.33195204315129195,0.3412704228871075
482,0.32503913914605503,0.33275693350354324,0.3422039273504017
483,0.3427920350383214,0.33337726727191186,0.3238306976897668
484,0.331549295670882,0.32748384179835116,0.3409668625307668
485,0.33765062361100656,0.3251645390894981,0.3371848372994953
486,0.33528986529849447,0.3218426405054129,0.34286749419609264
487,0.33952393438054396,0.3293937866594717,0.3310822789599843
488,0.33214562445672724,0.3233776967800263,0.3444766787632465
489,0.3330257909217901,0.33865938207783197,0.32831482700037795
490,0.34144427686860296,0.31164605193978984,0.3469096711916073
491,0.3211027983735084,0.33210599836034765,0.346791203266144
492,0.3347511375897851,0.32330678468501634,0.34194207772519847
493,0.33133946522546004,0.33256128580849487,0.33609924896604504
494,0.3349889361661439,0.32417741976638814,0.34083364406746786
495,0.3304974804018246,0.32370356454891164,0.3457989550492638
496,0.32980525440562275,0.3231482278604286,0.34704651773394873
497,0.33753530818476934,0.3211615997942973,0.3413030920209334
498,0.33776359087638624,0.3233698045645393,0.3388666045590745
499,0.3393442383573456,0.32306750385737826,0.3375882577852761
500,0.33723700299111137,0.3251945926882321,0.3375684043206566
501,0.3461175684951646,0.3189599303472679,0.33492250115756744
502,0.3441364531512004,0.31514133771580727,0.3407222091329923
503,0.3268673123074883,0.33265195327330405,0.3404807344192078
504,0.33852707830320244,0.32433817291821093,0.3371347487785867
505,0.327762397061038,0.32987469109594697,0.34236291184301515
506,0.3384143462182301,0.3264724820955518,0.33511317168621807
507,0.3354528657960729,0.3250251461772392,0.3395219880266879
508,0.3243049025506746,0.3347597675805243,0.34093532986880115
509,0.33369089635699783,0.329136250767078,0.33717285287592424
510,0.33160552239190366,0.32419348260015324,0.34420099500794304
511,0.33171481031453326,0.3255984817897253,0.34268670789574146
512,0.3258187650306836,0.3398377790558933,0.334343455913423
513,0.3375573734656378,0.3276894083826293,0.3347532181517329
514,0.34070941599535665,0.31901029841748135,0.340280285587162
515,0.3312459773902984,0.3316307837895551,0.3371232388201465
516,0.33450501781677,0.32657340744049745,0.3389215747427325
517,0.33753410266889566,0.32495358991021356,0.33751230742089083
518,0.33323813264754015,0.3270878369998776,0.3396740303525823
519,0.3322126278016486,0.32573898903552273,0.3420483831628287
520,0.3348148723663953,0.330019586792978,0.3351655408406267
521,0.31658207091745083,0.3374276175140391,0.3459903115685101
522,0.3209148572225184,0.3265918289420271,0.35249331383545457
523,0.3314582928285299,0.3266270725521902,0.34191463461927996
524,0.3360538383179335,0.3265813127948029,0.3373648488872635
525,0.3405656806628412,0.3221693289715466,0.3372649903656122
526,0.32643954841255524,0.33406044336962304,0.33950000821782167
527,0.3317278741318882,0.323998139961531,0.34427398590658087
528,0.3388411153182894,0.32187462911088116,0.3392842555708294
529,0.33675499260807173,0.32362586797656484,0.3396191394153635
530,0.33717920498178544,0.3187474313142791,0.3440733637039356
531,0.33573668385693145,0.3279029941491386,0.3363603219939299
532,0.3320570213678,0.3268421799691454,0.3411007986630546
533,0.33299971136424805,0.3285892389758718,0.3384110496598801
534,0.3335091501304632,0.32450044054825267,0.34199040932128416
535,0.33737649133066694,0.3197907020551605,0.3428328066141725
536,0.33913232199416793,0.3144843047806662,0.3463833732251658
537,0.3327339683896809,0.3275210264684533,0.33974500514186584
538,0.33418855057006114,0.3195754105357457,0.3462360388941933
539,0.3358196715214331,0.3232328599871815,0.34094746849138546
540,0.34111457320297683,0.33477598358585164,0.3241094432111716
541,0.3402216893149301,0.3295165221651454,0.3302617885199245
542,0.3346059764759073,0.32364339985700424,0.3417506236670885
543,0.3324782146447435,0.32635873601740395,0.3411630493378526
544,0.33785704541120065,0.31983353037349294,0.34230942421530636
545,0.33042730056536845,0.3283042952479587,0.34126840418667287
546,0.3365764689402702,0.33585234306137673,0.32757118799835305
547,0.3268818348811812,0.3288764747279303,0.3442416903908884
548,0.3330279771075335,0.3296575750327837,0.33731444785968273
549,0.33534852615441496,0.3279599421969577,0.3366915316486273
550,0.33380897757722067,0.32807913878624945,0.33811188363652983
551,0.32792282342280665,0.3311050259610783,0.3409721506161151
552,0.3308136182496779,0.32669868192043455,0.3424876998298875
553,0.33587751281833095,0.3262107652111264,0.3379117219705426
554,0.33898681499910266,0.3293085711241008,0.3317046138767965
555,0.33639313463058185,0.32883294681126113,0.33477391855815697
556,0.3343978432289858,0.32963698759496807,0.33596516917604624
557,0.33541078341180613,0.3229421796379769,0.341647036950217
558,0.33780328728789316,0.32412396722673087,0.3380727454853759
559,0.3334538856736897,0.3253744274468018,0.34117168687950844
560,0.33221357251856254,0.3239388141249274,0.3438476133565101
561,0.33252960431058337,0.3297195259393154,0.33775086975010116
562,0.3325743554869856,0.32364983319784807,0.3437758113151663
563,0.3313663182556475,0.33164156442327297,0.3369921173210795
564,0.33817292290007117,0.31371845486652095,0.3481086222334078
565,0.3360580382374712,0.3276284537377509,0.33631350802477794
566,0.3386630544806091,0.32650122319167824,0.33483572232771264
567,0.3376595754882717,0.31862610140551856,0.3437143231062097
568,0.3303867880836902,0.3249964872821684,0.34461672463414134
569,0.3381251893369568,0.32626921552497257,0.3356055951380706
570,0.3322473755569237,0.32609849564160853,0.3416541288014677
571,0.3332884779922214,0.3285955364914878,0.33811598551629085
572,0.325433214649814,0.3350246889436397,0.3395420964065463
573,0.3388653779932251,0.3242421573986128,0.33689246460816213
574,0.33361944863146314,0.33001866607264174,0.3363618852958951
575,0.3380218051766359,0.3213912771497084,0.3405869176736557
576,0.33734139280318043,0.3209933685460153,0.3416652386508042
577,0.33722380734950874,0.32564945141683016,0.3371267412336612
578,0.3301234464734364,0.3229657891214471,0.34691076440511653
579,0.3332490360211755,0.32842169111792,0.3383292728609045
580,0.32554911630846245,0.3266891183735453,0.34776176531799213
581,0.3407473381244467,0.3213658951353184,0.3378867667402349
582,0.337160759080512,0.3211223512025614,0.3417168897169267
583,0.34032227164120843,0.32229006370056823,0.3373876646582233
584,0.3398248090081848,0.31971156825843217,0.34046362273338293
585,0.33435027684579416,0.3265886454685189,0.33906107768568694
586,0.33026399473333495,0.325519657682768,0.3442163475838969
587,0.33077448470688825,0.3270136251610693,0.3422118901320424
588,0.3341373851117253,0.3285157109885992,0.33734690389967553
589,0.33663896477954225,0.3257442382167725,0.33761679700368535
590,0.3338891753502328,0.3295188136289755,0.33659201102079156
591,0.3235350660402863,0.33627189028781257,0.3401930436719011
592,0.3330682667938318,0.32345427814763933,0.34347745505852884
593,0.336954231984395,0.3249644812902712,0.3380812867253337
594,0.34019502824587744,0.3190845502961132,0.34072042145800935
595,0.3319550678261111,0.3308132313267115,0.3372317008471773
596,0.33574428095214937,0.3284720744491215,0.3357836445987291
597,0.3250128760508843,0.3319491139221942,0.3430380100269214
598,0.339346509777295,0.328546357630655,0.33210713259205
599,0.3103439184177671,0.3323630537950741,0.35729302778715877
600,0.33741657067054653,0.3259934497011112,0.33658997962834225
601,0.3322190433075407,0.32746257240795895,0.3403183842845004
602,0.3394543428869283,0.32343647037942463,0.33710918673364704
603,0.3273273119658589,0.3280050652557154,0.3446676227784258
604,0.33555751493091407,0.32292481414217833,0.34151767092690755
605,0.33644691428485907,0.32481404743203923,0.33873903828310165
606,0.3374839244667178,0.32573437368313524,0.33678170185014694
607,0.33127486783166965,0.3262735800036244,0.342451552164706
608,0.33109604159544953,0.32535432226709055,0.34354963613745987
609,0.3349549976303279,0.3212773631311362,0.3437676392385358
610,0.34147674843860565,0.3285188131503473,0.33000443841104715
611,0.3315019101224652,0.32727259362866057,0.3412254962488742
612,0.33393257485482314,0.3302302129724312,0.3358372121727456
613,0.3338868243840624,0.3297017760263695,0.33641139958956806
614,0.3362471478196508,0.3239277923009254,0.33982505987942385
615,0.33520806716530077,0.3265957660490111,0.33819616678568826
616,0.33043276867660215,0.3267865684913496,0.3427806628320482
617,0.3323449764768507,0.32604942625566813,0.3416055972674812
618,0.3302210372162859,0.3263308500606276,0.34344811272308645
619,0.32789642445899103,0.3279100847965354,0.3441934907444737
620,0.33380265648375784,0.3303873775831033,0.3358099659331388
621,0.3365387206582468,0.32290630832933737,0.3405549710124158
622,0.3445373701061064,0.3143996629521799,0.3410629669417137
623,0.33818343994457284,0.3241066045410486,0.33770995551437866
624,0.3294294009772746,0.3285910300473486,0.3419795689753768
625,0.3372463853296775,0.3220962976037216,0.3406573170666009
626,0.3348011813217805,0.32377720764095924,0.3414216110372603
627,0.3339326277468741,0.3271375236195083,0.33892984863361747
628,0.33800548858506346,0.32266272609365804,0.33933178532127856
629,0.35379290993437995,0.3063714415328319,0.3398356485327881
630,0.33767977943469435,0.3213026214970427,0.34101759906826296
631,0.3369929253683367,0.3250914946174719,0.33791558001419136
632,0.33790053019414384,0.3199953539253251,0.34210411588053097
633,0.32967233698093407,0.3359669278937451,0.33436073512532083
634,0.33888088595384036,0.3193306177058741,0.34178849634028546
635,0.33773676555321513,0.3250995171793791,0.3371637172674058
636,0.3357031053200695,0.3251633256076657,0.33913356907226483
637,0.33752925731733896,0.3252405790286437,0.3372301636540174
638,0.33672260699890694,0.32295827534513366,0.3403191176559594
639,0.33420971806998834,0.32602845512677064,0.339761826803241
640,0.33258520015889087,0.3247544633766391,0.34266033646447
641,0.34245856351842396,0.32596498862515116,0.3315764478564247
642,0.3303675809599916,0.32646840072831884,0.34316401831168963
643,0.33140968907636226,0.3358220192635492,0.3327682916600884
644,0.3334150985987428,0.326022787349252,0.34056211405200515
645,0.3380296803650715,0.32451191689784953,0.337458402737079
